Max error

ISANv1  : 1.886711
    ISANv1x : 0.049000
    ISANv1y : 0.028000
    ISANv1z : 1.181000